62
55	57	1	2
N	0	0	0	0	0
D	57	0	0	1	0
O	33	0	7	0	1	k	58	59
O	35	0	9	0	0	k	58	59
D	3	0	0	5	0
N	51	0	0	6	4
N	50	0	12	0	5
O	32	2	0	8	0	k	58	59
O	31	0	14	9	7	k	58	59
O	34	3	0	10	8	k	58	59
D	3	0	0	11	9
O	42	0	15	0	10	k	58	59
N	49	6	18	0	0
N	27	0	20	0	0
O	30	8	21	0	0	k	58	59
O	41	11	23	16	0	k	58	59
O	43	0	0	17	15	k	58	59
N	44	0	24	18	16
N	47	12	25	19	17
O	48	0	0	0	18	d	60	61
N	26	13	26	0	0
O	30	14	28	0	0	k	58	59
O	39	0	30	23	0	k	58	59
O	40	15	31	0	22	k	58	59
N	45	17	0	25	0
N	46	18	32	0	24
N	25	20	34	27	0
N	28	0	0	28	26
O	29	21	35	29	27	k	58	59
O	36	0	36	30	28	k	58	59
O	38	22	0	31	29	k	58	59
D	3	23	37	0	30
N	52	25	0	33	0
N	53	0	39	0	32
N	24	26	40	0	0
D	3	28	0	36	0
O	37	29	0	0	35	k	58	59
N	18	31	0	38	0
N	17	0	43	0	37
N	54	33	44	0	0
N	23	34	0	41	0
N	22	0	45	0	40
N	8	0	48	0	0
N	16	38	50	0	0
N	54	39	52	0	0
N	19	41	54	46	0
N	9	0	0	47	45
N	6	0	55	48	46
N	7	42	0	49	47
N	9	0	0	50	48
N	10	43	0	51	49
N	11	0	56	0	50
N	55	44	0	0	0
N	21	0	0	54	0
N	20	45	0	0	53
N	4	47	57	0	0
N	12	51	59	0	0
N	5	55	0	0	0
N	14	0	0	59	0
N	13	56	0	60	58
N	15	0	0	61	59
D	56	0	0	0	60
